1 0.09765625 0.625 0.0984375 0.2375
9 0.203125 0.63359375 0.1 0.2265625
10 0.30546875 0.63046875 0.1046875 0.23125
11 0.40625 0.63203125 0.109375 0.2109375
12 0.52109375 0.64140625 0.125 0.2109375
13 0.621875 0.61875 0.13125 0.20625
14 0.75703125 0.63515625 0.115625 0.2109375
15 0.86640625 0.63046875 0.115625 0.1953125
16 0.228125 0.45234375 0.121875 0.1359375
2 0.3453125 0.45859375 0.078125 0.125
3 0.4453125 0.4625 0.103125 0.115625
4 0.55625 0.4625 0.09375 0.109375
5 0.66640625 0.45859375 0.0890625 0.1125
6 0.7734375 0.4703125 0.10625 0.10625
7 0.4359375 0.33828125 0.096875 0.115625
8 0.54921875 0.3453125 0.0921875 0.125